data:  /content/discreted_link_ratings_p0.csv
best_mae:  0.7915448732617045
best_rmse:  1.0006905754606663
best_precision:  0.7812039451309375
best_recall:  0.14081657675331044
best_f1:  0.23862042696123414